image: map_sim.pgm
resolution: 0.050000
origin: [-25.012135, -39.271896, 0.0]
negate: 0
occupied_thresh: 0.65
free_thresh: 0.196
